0.000000000000000000e+00 1.559495937329159233e-02
8.080808080808081495e-02 1.796094660684828190e-02
1.616161616161616299e-01 2.030951267337605115e-02
2.424242424242424310e-01 2.264069971268841200e-02
3.232323232323232598e-01 2.495454986459890931e-02
4.040404040404040886e-01 2.725110526892106019e-02
4.848484848484848619e-01 2.953040806546839911e-02
5.656565656565657463e-01 3.179250039405447092e-02
6.464646464646465196e-01 3.403742439449278928e-02
7.272727272727272929e-01 3.626522220659688517e-02
8.080808080808081773e-01 3.847593597018030692e-02
8.888888888888889506e-01 4.066960782505656125e-02
9.696969696969697239e-01 4.284627991103919648e-02
1.050505050505050608e+00 4.500599436794174013e-02
1.131313131313131493e+00 4.714879333557771973e-02
1.212121212121212155e+00 4.927471895376066974e-02
1.292929292929293039e+00 5.138381336230411767e-02
1.373737373737373924e+00 5.347611870102160492e-02
1.454545454545454586e+00 5.555167710972663125e-02
1.535353535353535470e+00 5.761053072823276583e-02
1.616161616161616355e+00 5.965272169635352228e-02
1.696969696969697017e+00 6.167829215390243508e-02
1.777777777777777901e+00 6.368728424069300398e-02
1.858585858585858785e+00 6.567974009653883283e-02
1.939393939393939448e+00 6.765570186125337282e-02
2.020202020202020332e+00 6.961521167465022086e-02
2.101010101010101216e+00 7.155831167654284897e-02
2.181818181818182101e+00 7.348504400674482628e-02
2.262626262626262985e+00 7.539545080506966646e-02
2.343434343434343425e+00 7.728957421133091088e-02
2.424242424242424310e+00 7.916745636534207320e-02
2.505050505050505194e+00 8.102913940691670869e-02
2.585858585858586078e+00 8.287466547586835874e-02
2.666666666666666963e+00 8.470407671201049538e-02
2.747474747474747847e+00 8.651741525515671549e-02
2.828282828282828731e+00 8.831472324512050498e-02
2.909090909090909172e+00 9.009604282171540524e-02
2.989898989898990056e+00 9.186141612475497154e-02
3.070707070707070940e+00 9.361088529405270364e-02
3.151515151515151825e+00 9.534449246942212908e-02
3.232323232323232709e+00 9.706227979067681699e-02
3.313131313131313593e+00 9.876428939763028103e-02
3.393939393939394034e+00 1.004505634300960210e-01
3.474747474747474918e+00 1.021211440278875920e-01
3.555555555555555802e+00 1.037760733308185218e-01
3.636363636363636687e+00 1.054153934787023794e-01
3.717171717171717571e+00 1.070391466113526369e-01
3.797979797979798455e+00 1.086473748685828633e-01
3.878787878787878896e+00 1.102401203902065446e-01
3.959595959595959780e+00 1.118174253160372777e-01
4.040404040404040664e+00 1.133793317858885485e-01
4.121212121212121993e+00 1.149258819395739123e-01
4.202020202020202433e+00 1.164571179169068549e-01
4.282828282828282873e+00 1.179730818577009316e-01
4.363636363636364202e+00 1.194738159017697116e-01
4.444444444444444642e+00 1.209593621889266668e-01
4.525252525252525970e+00 1.224297628589853804e-01
4.606060606060606410e+00 1.238850600517593381e-01
4.686868686868686851e+00 1.253252959070620953e-01
4.767676767676768179e+00 1.267505125647071518e-01
4.848484848484848619e+00 1.281607521645081182e-01
4.929292929292929948e+00 1.295560568462784667e-01
5.010101010101010388e+00 1.309364687498316693e-01
5.090909090909091717e+00 1.323020300149813644e-01
5.171717171717172157e+00 1.336527827815410518e-01
5.252525252525252597e+00 1.349887691893242037e-01
5.333333333333333925e+00 1.363100313781444584e-01
5.414141414141414366e+00 1.376166114878152047e-01
5.494949494949495694e+00 1.389085516581501090e-01
5.575757575757576134e+00 1.401858940289626432e-01
5.656565656565657463e+00 1.414486807400663348e-01
5.737373737373737903e+00 1.426969539312747393e-01
5.818181818181818343e+00 1.439307557424013007e-01
5.898989898989899672e+00 1.451501283132597131e-01
5.979797979797980112e+00 1.463551137836633376e-01
6.060606060606061440e+00 1.475457542934258681e-01
6.141414141414141881e+00 1.487220919823606380e-01
6.222222222222222321e+00 1.498841689902813690e-01
6.303030303030303649e+00 1.510320274570015053e-01
6.383838383838384090e+00 1.521657095223345468e-01
6.464646464646465418e+00 1.532852573260940487e-01
6.545454545454545858e+00 1.543907130080935941e-01
6.626262626262627187e+00 1.554821187081466549e-01
6.707070707070707627e+00 1.565595165660667587e-01
6.787878787878788067e+00 1.576229487216675162e-01
6.868686868686869396e+00 1.586724573147623440e-01
6.949494949494949836e+00 1.597080844851648807e-01
7.030303030303031164e+00 1.607298723726885425e-01
7.111111111111111605e+00 1.617378631171469960e-01
7.191919191919192933e+00 1.627320988583536854e-01
7.272727272727273373e+00 1.637126217361220548e-01
7.353535353535353813e+00 1.646794738902658539e-01
7.434343434343435142e+00 1.656326974605984437e-01
7.515151515151515582e+00 1.665723345869334349e-01
7.595959595959596911e+00 1.674984274090843273e-01
7.676767676767677351e+00 1.684110180668646206e-01
7.757575757575757791e+00 1.693101487000878980e-01
7.838383838383839120e+00 1.701958614485676591e-01
7.919191919191919560e+00 1.710681984521174870e-01
8.000000000000000000e+00 1.719272018505508259e-01
