0.000000000000000000e+00 1.359723109866604537e-02 4.131994696601961822e-03 1.874678879210580362e+02
1.000000000000000000e+00 8.609330802552965164e-03 2.547158890376946105e-03 8.201545037109863756e+01
2.000000000000000000e+00 7.376307316057093173e-03 2.346550140758595516e-03 5.594730055088992060e+01
3.000000000000000000e+00 6.563896893436720059e-03 1.951320260107309267e-03 3.877160451240423811e+01
4.000000000000000000e+00 6.350180197173407350e-03 1.834600627081339362e-03 3.425328112417352600e+01
5.000000000000000000e+00 5.774322325781349081e-03 1.816147138850053144e-03 2.207869610531393789e+01
6.000000000000000000e+00 5.591788852530117128e-03 1.712586113168278234e-03 1.821963747420966939e+01
7.000000000000000000e+00 5.452336182042976515e-03 1.617343758096118685e-03 1.527137805587688391e+01
8.000000000000000000e+00 5.432248239979516058e-03 1.668148106943435384e-03 1.484668583466207892e+01
9.000000000000000000e+00 5.293059420564541658e-03 1.903734642572294444e-03 1.190400466309813687e+01
1.000000000000000000e+01 5.304303150524292479e-03 1.743852986281645492e-03 1.214171565590470792e+01
1.100000000000000000e+01 5.301569707879462412e-03 1.740789649491375360e-03 1.208392617081316267e+01
1.200000000000000000e+01 5.288495257019999729e-03 1.721822082095460877e-03 1.180751071923889839e+01
1.300000000000000000e+01 5.232334910119628910e-03 1.574391792649177269e-03 1.062018837462217924e+01
1.400000000000000000e+01 5.375626757326693213e-03 1.709409654063113624e-03 1.364961431980324313e+01
1.500000000000000000e+01 5.122198093156711193e-03 1.559823426386923060e-03 8.291714443059436945e+00
1.600000000000000000e+01 5.138962181135955584e-03 1.471943304849610262e-03 8.646134907736907849e+00
1.700000000000000000e+01 5.218996204389779459e-03 1.713319448155289611e-03 1.033818613931880925e+01
1.800000000000000000e+01 5.133664176275254398e-03 1.622584625832560520e-03 8.534126348314050148e+00
1.900000000000000000e+01 5.158238785798157332e-03 1.679477319794379746e-03 9.053674118354280154e+00
2.000000000000000000e+01 5.154416363914652091e-03 1.665228162373642460e-03 8.972861816377426081e+00
2.100000000000000000e+01 5.019325709314612950e-03 1.425881279266748985e-03 6.116822607074273499e+00
2.200000000000000000e+01 5.083340559956268413e-03 1.561775987828481829e-03 7.470202113240351771e+00
2.300000000000000000e+01 5.197269680960342822e-03 1.666884346512445894e-03 9.878851605926913138e+00
2.400000000000000000e+01 5.117316200935868864e-03 1.698057176475588912e-03 8.188503191033172257e+00
2.500000000000000000e+01 4.944965928696227510e-03 1.570095667444719153e-03 4.544734221907561711e+00
2.600000000000000000e+01 4.918952077174541804e-03 1.380184141226576885e-03 3.994758502633022790e+00
2.700000000000000000e+01 5.050995054018510982e-03 1.707580613108923649e-03 6.786364778404041509e+00
2.800000000000000000e+01 5.064205139959476742e-03 1.656698867181433067e-03 7.065647779270125106e+00
2.900000000000000000e+01 4.799537327036350678e-03 1.515987373909626675e-03 1.470133763982047537e+00
