0.000000000000000000e+00 2.666235042836281703e-03
1.000000000000000000e+00 7.836865237513226251e-03
2.000000000000000000e+00 1.286981701283639382e-02
3.000000000000000000e+00 1.776631223228160306e-02
4.000000000000000000e+00 2.252757275932786019e-02
5.000000000000000000e+00 2.715482045744779804e-02
6.000000000000000000e+00 3.164927719012394086e-02
7.000000000000000000e+00 3.601216482083574588e-02
8.000000000000000000e+00 4.024470521305052728e-02
9.000000000000000000e+00 4.434812023023701477e-02
1.000000000000000000e+01 4.832363173588418576e-02
1.100000000000000000e+01 5.217246159346899947e-02
1.200000000000000000e+01 5.589583166646793638e-02
1.300000000000000000e+01 5.949496381834627062e-02
1.400000000000000000e+01 6.297107991259313919e-02
1.500000000000000000e+01 6.632540181268103963e-02
1.600000000000000000e+01 6.955915138207141579e-02
1.700000000000000000e+01 7.267355048423006225e-02
1.800000000000000000e+01 7.566982098261189338e-02
1.900000000000000000e+01 7.854918474064677414e-02
2.000000000000000000e+01 8.131286362174111604e-02
2.100000000000000000e+01 8.396207948918198161e-02
2.200000000000000000e+01 8.649805420623149499e-02
2.300000000000000000e+01 8.892200963583282713e-02
2.400000000000000000e+01 9.123516764049427463e-02
2.500000000000000000e+01 9.343875008218945066e-02
2.600000000000000000e+01 9.553397882181512146e-02
2.700000000000000000e+01 9.752207571848454937e-02
2.800000000000000000e+01 9.940426262852343486e-02
2.900000000000000000e+01 1.011817614037956586e-01
