0.000000000000000000e+00 2.612923691076726295e-03
3.030303030303030387e-01 4.162682062258938470e-03
6.060606060606060774e-01 5.699975011994300872e-03
9.090909090909091717e-01 7.224835856924390586e-03
1.212121212121212155e+00 8.737297913690789467e-03
1.515151515151515138e+00 1.023739449893507243e-02
1.818181818181818343e+00 1.172515892929882654e-02
2.121212121212121104e+00 1.320062452142361890e-02
2.424242424242424310e+00 1.466382459195104265e-02
2.727272727272727515e+00 1.611479245752266490e-02
3.030303030303030276e+00 1.755356143478006836e-02
3.333333333333333481e+00 1.898016484036483750e-02
3.636363636363636687e+00 2.039463599091854984e-02
3.939393939393939448e+00 2.179700820308277248e-02
4.242424242424242209e+00 2.318731479349910377e-02
4.545454545454545858e+00 2.456558907880911080e-02
4.848484848484848619e+00 2.593186437565437458e-02
5.151515151515151381e+00 2.728617400067647261e-02
5.454545454545455030e+00 2.862855127051699977e-02
5.757575757575757791e+00 2.995902950181750582e-02
6.060606060606060552e+00 3.127764201121960297e-02
6.363636363636364202e+00 3.258442211536484445e-02
6.666666666666666963e+00 3.387940313089481820e-02
6.969696969696969724e+00 3.516261837445110172e-02
7.272727272727273373e+00 3.643410116267527948e-02
7.575757575757576134e+00 3.769388481220892900e-02
7.878787878787878896e+00 3.894200263969362780e-02
8.181818181818181657e+00 4.017848796177094645e-02
8.484848484848484418e+00 4.140337409508248329e-02
8.787878787878788955e+00 4.261669435626980890e-02
9.090909090909091717e+00 4.381848206197450080e-02
9.393939393939394478e+00 4.500877052883812263e-02
9.696969696969697239e+00 4.618759307350229354e-02
1.000000000000000000e+01 4.735498301260854248e-02
1.030303030303030276e+01 4.851097366279849554e-02
1.060606060606060552e+01 4.965559834071369555e-02
1.090909090909091006e+01 5.078889036299574777e-02
1.121212121212121282e+01 5.191088304628622280e-02
1.151515151515151558e+01 5.302160970722668426e-02
1.181818181818181834e+01 5.412110366245873744e-02
1.212121212121212110e+01 5.520939822862393903e-02
1.242424242424242387e+01 5.628652672236388044e-02
1.272727272727272840e+01 5.735252246032014611e-02
1.303030303030303116e+01 5.840741875913429970e-02
1.333333333333333393e+01 5.945124893544792566e-02
1.363636363636363669e+01 6.048404630590261538e-02
1.393939393939393945e+01 6.150584418713992557e-02
1.424242424242424221e+01 6.251667589580145457e-02
1.454545454545454675e+01 6.351657474852877294e-02
1.484848484848484951e+01 6.450557406196347210e-02
1.515151515151515227e+01 6.548370715274710874e-02
1.545454545454545503e+01 6.645100733752128119e-02
1.575757575757575779e+01 6.740750793292756005e-02
1.606060606060606233e+01 6.835324225560752975e-02
1.636363636363636331e+01 6.928824362220276090e-02
1.666666666666666785e+01 7.021254534935483793e-02
1.696969696969696884e+01 7.112618075370534532e-02
1.727272727272727337e+01 7.202918315189585363e-02
1.757575757575757791e+01 7.292158586056794733e-02
1.787878787878787890e+01 7.380342219636319701e-02
1.818181818181818343e+01 7.467472547592320098e-02
1.848484848484848442e+01 7.553552901588951596e-02
1.878787878787878896e+01 7.638586613290372640e-02
1.909090909090908994e+01 7.722577014360743064e-02
1.939393939393939448e+01 7.805527436464218538e-02
1.969696969696969902e+01 7.887441211264957508e-02
2.000000000000000000e+01 7.968321670427118419e-02
2.030303030303030454e+01 8.048172145614859718e-02
2.060606060606060552e+01 8.126995968492335687e-02
2.090909090909091006e+01 8.204796470723711710e-02
2.121212121212121104e+01 8.281576983973136519e-02
2.151515151515151558e+01 8.357340839904776886e-02
2.181818181818182012e+01 8.432091370182782930e-02
2.212121212121212110e+01 8.505831906471315873e-02
2.242424242424242564e+01 8.578565780434536936e-02
2.272727272727272663e+01 8.650296323736599013e-02
2.303030303030303116e+01 8.721026868041661939e-02
2.333333333333333570e+01 8.790760745013884159e-02
2.363636363636363669e+01 8.859501286317424118e-02
2.393939393939394122e+01 8.927251823616436099e-02
2.424242424242424221e+01 8.994015688575084100e-02
2.454545454545454675e+01 9.059796212857518238e-02
2.484848484848484773e+01 9.124596728127903900e-02
2.515151515151515227e+01 9.188420566050393978e-02
2.545454545454545681e+01 9.251271058289148308e-02
2.575757575757575779e+01 9.313151536508328110e-02
2.606060606060606233e+01 9.374065332372086279e-02
2.636363636363636331e+01 9.434015777544579873e-02
2.666666666666666785e+01 9.493006203689971501e-02
2.696969696969696884e+01 9.551039942472416833e-02
2.727272727272727337e+01 9.608120325556074315e-02
2.757575757575757791e+01 9.664250684605101005e-02
2.787878787878787890e+01 9.719434351283653961e-02
2.818181818181818343e+01 9.773674657255893017e-02
2.848484848484848442e+01 9.826974934185976618e-02
2.878787878787878896e+01 9.879338513738060434e-02
2.909090909090909349e+01 9.930768727576304300e-02
2.939393939393939448e+01 9.981268907364865273e-02
2.969696969696969902e+01 1.003084238476789902e-01
3.000000000000000000e+01 1.007949249144956677e-01
